1540.159369
1532.085251
1549.981515
1541.613885
1531.83499
1547.953955
1546.711613
1546.869168
1550.727434
1553.144545
1529.981253
1546.121419
1553.895235
1556.418716
1553.445566
1538.337738
1541.15785
1311.646488
1310.978806
1019.759314
1021.774956
1051.646822
1028.557834
1023.464879
1028.69794
1033.640201
1020.227549
1038.253788
1038.580855
994.566313
987.12948
983.99998
1283.488955
1046.134053
1054.383167
1055.614648
1051.683084
1039.535273
1044.256213
1068.937524
1054.498264
1051.41666
1031.094014
1055.141028
1061.19413
1061.816199
1055.145549
1039.945519
1044.53807
1059.654532
1049.315385
1048.207344
1052.56067
1030.965972
1044.720552
1048.803434
1045.261736
1055.928248
1516.205122
1534.883264
1527.388374
1521.677688
1545.923496
1571.629063
1528.518275
1530.448678
1531.209311
1499.581071
1522.725842
1515.779311
1521.850838
1521.266172
1520.821121
1512.70282
1516.096921
1501.603115
1528.3998
1338.77042
1337.153042
1336.670252
1345.298484
1214.23799
1191.066598
1236.995386
1209.647092
1242.986979
1235.640838
1282.644197
1273.867659
1248.460504
1312.95338
1259.94481
739.617316
829.583153
836.549526
743.614271
798.506536
845.396325
831.410287
762.945375
820.631283
808.52428
822.752687
823.738843
838.794071
752.512134
727.024605
829.296781
715.623309
796.932171
816.851581
850.306765
905.035488
1076.785775
1067.357533
1041.382744
1084.077349
958.404493
999.534289
926.070543
967.570119
913.245997
1097.113738
1138.685413
1071.083937
1146.562546
1159.030213
1157.771097
1165.313785
1148.704244
1194.649746
1187.433141
1167.356222
1165.558109
1163.421434
1158.610648
1169.331346
1166.304462
1165.234158
1166.597044
1162.831686
1158.682387
1152.391339
1147.701627
1172.747721
1155.288056
1136.687156
1131.716104
1155.678538
1111.509641
1139.444336
1154.29739
1133.264537
1116.596151
1114.62346
1142.305526
1122.252057
1167.341006
1102.376522
1129.626991
1085.976473
1090.692614
1122.750731
1100.676579
1125.775731
1089.785333
1068.992803
1071.815573
1104.155879
1071.779978
1053.334758
1067.610537
1053.125121
1083.659802
1071.074655
1020.739434
1036.746851
951.045041
1067.051278
1094.089086
1036.396311
1024.680808
973.577387
1015.459154
1047.824491
1007.343368
1018.6707
993.637562
1429.569411
1386.455487
1392.717414
1449.319182
1407.317698
1421.977815
1397.330753
1412.515136
1374.638791
1428.368459
1368.396977
1374.863166
1414.370332
1426.828516
1341.957604
1343.31411
1347.513734
1385.90881
1271.168867
1287.05118
1208.81876
1314.217
1262.28966
1183.781225
1253.535893
1226.877646
1113.729292
1157.647722
1080.750104
1065.004696
966.078546
1086.873863
1011.718775
1257.805867
1128.985622
1156.55076
695.048861
695.780679
738.369332
780.743625
824.435489
845.570215
810.301931
819.738184
862.370783
844.718789
837.95505
793.14231
813.627793
792.345438
854.079936
848.004469
817.49958
823.228113
797.046006
802.284435
793.868526
782.686718
1168.084294
1236.602688
1520.917609
1548.87627
1550.858947
1546.88578
1528.2575
1536.031351
1553.577519
1563.022082
1538.847478
1538.779753
1549.281484
1562.830674
1552.625341
1571.895543
1181.770417
1111.392205
1175.940081
1137.302748
1130.494965
1040.352515
1069.658459
993.399287
998.819054
1005.249204
1026.239334
1031.030717
1017.220367
991.107869
1040.094446
1030.288907
1023.062888
1017.234381
1029.295454
1029.472413
1024.312175
1022.99358
998.952195
1045.235347
984.216644
963.405232
1462.112026
1489.677093
1515.605706
1510.131836
1528.711305
1538.651258
1529.431686
1522.058474
1530.677086
1520.371315
1534.740064
1521.427432
1511.922714
1520.445188
1525.153619
1529.689452
1283.671259
1251.9359
1216.38706
1260.350702
1225.410951
1234.716945
1197.659381
1250.765214
1179.716627
1187.207827
1146.797144
1150.449252
1119.080759
1071.342502
1045.570793
1002.287621
1089.439808
1113.561326
1035.664494
1078.305145
1062.796186
1256.840387
1260.356237
1253.933323
1230.408867
641.848882
647.852677
623.220585
587.058658
674.359544
263.041486
628.643011
641.533768
675.677051
738.641253
732.907567
1372.024179
1328.954228
1387.987185
1419.139586
1435.533013
1419.694075
1411.412717
1379.064004
1412.233811
1384.410296
1409.782636
1425.179775
1402.332242
1446.516516
1421.213837
1440.765254
1426.70853
1395.253965
1375.251534
1346.607175
1365.250491
1368.425931
1379.089808
1349.002679
1187.714153
1401.271398
1318.769192
1305.828217
734.086051
692.885074
747.754583
729.343167
803.814211
772.65147
803.984337
757.136764
800.729925
845.186338
811.846003
779.181946
803.564517
801.413043
807.866406
753.980536
779.054711
797.315886
798.325754
837.546997
795.496274
817.18458
792.597877
791.30486
819.153793
799.08423
787.550924
778.81375
809.968681
825.975701
794.838774
797.783054
767.943415
775.398214
791.155505
806.00657
796.37561
1134.156925
1226.495302
1264.848802
1261.600971
1109.857547
1169.592539
960.039455
1067.822805
1103.927682
1112.836397
1081.51956
1217.622604
1411.332149
1419.213748
1459.898433
1398.627186
1442.373871
1438.50814
1439.02971
1418.699224
1426.170868
1446.988549
1459.214972
1432.027956
1416.554876
1434.625439
1488.388549
1451.232383
1441.543124
1452.638462
1491.007455
1443.813361
1430.205079
1467.245729
1359.996795
853.408463
857.97743
889.143076
881.068256
874.241045
833.817428
897.017065
892.789014
906.214799
903.221635
859.633492
926.482737
893.795269
895.490504
906.743581
879.494746
869.258274
921.275785
915.524292
889.649404
913.549492
882.854208
844.736379
848.323764
917.847089
927.543433
908.34871
835.212897
889.397426
811.17677
852.223114
862.964433
868.367086
812.49704
819.140794
822.803133
818.499334
1064.192789
1059.754103
1101.634392
1068.900902
1140.582556
1044.210811
1187.396141
1199.600478
1206.291236
1211.34874
1243.342881
1188.207139
1089.277477
989.678562
995.818363
1001.650748
909.135158
987.922499
974.997002
972.940512
1470.886877
1462.32975
1340.978135
1462.919713
1380.565885
1329.674685
1317.978815
1358.222981
1231.801324
1169.778921
1233.209038
1229.756869
1225.177771
1190.957302
1238.048881
1217.915745
1226.718593
1199.000361
1229.354083
1184.193413
1213.457018
1151.565449
1098.106142
1229.381897
1209.651172
1169.776541
1097.211338
1057.851723
1211.957624
1210.42779
1114.644115
1082.14508
1043.00883
1010.07058
1095.353753
1057.726686
1140.554165
1129.736547
1107.029726
1123.030849
1094.146101
1083.217761
1055.047158
1116.125456
1369.990599
1365.066959
1394.480342
1390.29338
808.163281
785.390441
727.438526
812.707012
727.546501
733.953353
859.424558
902.096303
876.833973
848.689098
865.972667
915.887136
905.250046
838.846012
878.855051
848.838524
923.805013
923.728158
861.984877
847.741705
906.082471
873.559613
905.300288
877.169679
912.600919
876.581262
868.457769
846.440831
822.61792
869.93744
827.197685
887.770681
870.075772
852.213368
1003.547535
1236.740595
1229.983436
1251.034206
1162.929714
1267.375652
1284.414146
1202.268565
1160.74041
1228.293374
1294.489016
1249.363866
1201.769866
1016.379342
1047.861326
1117.75241
1009.604407
1112.32509
1149.076286
1280.246417
1089.545449
1146.552762
1059.612589
1145.818061
837.925569
859.71657
861.440156
1273.615182
1251.412824
1250.434907
1255.642961
1264.49501
1264.578529
1260.128062
1252.223686
1220.138204
1245.00179
1250.378623
1251.836661
1254.352201
1265.910974
1250.11587
1246.193459
1218.473317
1198.922762
1188.057468
1221.651685
1225.583395
1192.606652
1096.482623
1025.396263
1120.911444
1040.520006
892.042177
964.401195
1063.036702
1020.446728
1081.978493
985.440585
933.413101
900.837715
1082.435525
1225.066999
1178.834445
1231.34711
1204.723285
1120.895263
1173.592304
1268.669339
1330.683793
1414.41148
1177.557733
1305.565422
1352.294274
1358.575058
1258.089382
1349.213332
1364.399495
1320.326176
761.648352
908.191258
858.391846
872.091418
892.767329
851.203951
910.333613
939.037033
876.149275
901.535615
953.115586
909.754814
894.708584
885.416823
815.771498
1110.903744
1132.125732
1040.143654
1006.262755
1087.645789
1107.618336
1145.361812
1147.244289
1067.824679
1162.761335
1140.343761
1087.402012
1123.535722
1224.409257
1267.045371
1227.599086
1157.669175
1195.357029
1197.783902
1168.804414
1178.203566
1094.828823
1225.001854
1276.957893
1263.698755
1261.707986
1208.685169
1232.441046
1197.353681
1220.787194
1158.074207
1207.186297
1148.210185
1304.957657
1253.574877
1259.825385
1264.248928
1200.894967
1212.669854
1207.286623
1217.272529
1136.128318
1250.772165
1145.497931
1284.911752
1277.935212
1234.169699
1278.867196
1242.887387
1203.516139
1208.78407
1258.770372
1205.793944
1143.471832
1172.101003
1286.906127
1287.729974
1249.433536
1242.584353
1283.776116
1269.608199
1247.22171
1254.892356
1183.134044
1193.6753
1170.56045
1298.481947
1257.993577
1299.40858
1273.73656
1229.350148
1240.297923
1244.053387
1222.18333
1185.297569
1218.133281
1136.733844
1289.374363
1307.798921
1243.406853
1281.458129
1244.792756
1229.237061
1155.549851
1194.401044
1187.576092
1150.112441
1191.854412
1184.421506
1167.236333
1273.083095
1250.201603
1248.472356
1193.953075
1195.798466
1185.5779
1192.553465
1238.861228
1240.787615
1150.248691
1253.499352
1262.756224
1028.085993
1143.841661
1153.501982
1171.299099
1111.289175